EXE_NAME = ./dropblox_ai

$(EXE_NAME): dropblox_ai.cpp
	g++ -o $@ $^

clean:
	rm $(EXE_NAME)

test:
	./ai.out '{"bitmap": [[0, 0, 0, 0, 0, 0, 0, 0, 0, 0, 0, 0], [0, 0, 0, 0, 0, 0, 0, 0, 0, 0, 0, 0], [0, 0, 0, 0, 0, 0, 0, 0, 0, 0, 0, 0], [0, 0, 0, 0, 0, 0, 0, 0, 0, 0, 0, 0], [0, 0, 0, 0, 0, 0, 0, 0, 0, 0, 0, 0], [0, 0, 0, 0, 0, 0, 0, 0, 0, 0, 0, 0], [0, 0, 0, 0, 0, 0, 0, 0, 0, 0, 0, 0], [0, 0, 0, 0, 0, 0, 0, 0, 0, 0, 0, 0], [0, 0, 0, 0, 0, 0, 0, 0, 0, 0, 0, 0], [0, 0, 0, 0, 0, 0, 0, 0, 0, 0, 0, 0], [0, 0, 0, 0, 0, 0, 0, 0, 0, 0, 0, 0], [0, 0, 0, 0, 0, 0, 0, 0, 0, 0, 0, 0], [0, 0, 0, 0, 0, 0, 0, 0, 0, 0, 0, 0], [0, 0, 0, 0, 0, 0, 0, 0, 0, 0, 0, 0], [0, 0, 0, 0, 0, 0, 0, 0, 0, 0, 0, 0], [0, 0, 0, 0, 0, 0, 0, 0, 0, 0, 0, 0], [0, 0, 0, 0, 0, 0, 0, 0, 0, 0, 0, 0], [0, 0, 0, 0, 0, 0, 0, 0, 0, 0, 0, 0], [0, 0, 0, 0, 0, 0, 0, 0, 0, 0, 0, 0], [0, 0, 0, 0, 0, 0, 0, 0, 0, 0, 0, 0], [0, 0, 0, 0, 0, 0, 0, 0, 0, 0, 0, 0], [0, 0, 0, 0, 0, 0, 0, 0, 0, 0, 0, 0], [0, 0, 0, 0, 0, 0, 0, 0, 0, 0, 0, 0], [0, 0, 0, 0, 0, 0, 0, 0, 0, 0, 0, 0], [0, 0, 0, 0, 0, 0, 0, 0, 0, 0, 0, 0], [0, 0, 0, 0, 0, 0, 0, 0, 0, 0, 0, 0], [0, 0, 0, 0, 0, 0, 0, 0, 0, 0, 0, 0], [0, 0, 0, 0, 0, 0, 0, 0, 0, 0, 0, 0], [0, 0, 0, 0, 14, 14, 14, 14, 0, 0, 0, 0], [0, 0, 0, 0, 14, 21, 21, 21, 0, 0, 0, 0], [0, 11, 0, 29, 29, 21, 20, 0, 20, 0, 0, 29], [11, 22, 8, 8, 29, 29, 27, 21, 2, 29, 0, 18], [0, 22, 22, 15, 27, 27, 27, 21, 2, 0, 18, 18]], "held_block": {"type": 25, "center": {"i": 8, "j": 6}, "offsets": [{"i": 0, "j": 0}, {"i": -1, "j": 0}, {"i": -2, "j": 0}, {"i": 0, "j": -1}, {"i": 1, "j": -1}]}, "state": "playing", "score": 2, "preview": [{"type": 5, "center": {"i": 8, "j": 6}, "offsets": [{"i": 0, "j": 0}, {"i": -1, "j": 0}, {"i": 1, "j": 0}, {"i": 1, "j": -1}]}, {"type": 4, "center": {"i": 7, "j": 6}, "offsets": [{"i": 0, "j": 0}, {"i": -1, "j": 0}, {"i": 1, "j": 0}, {"i": 2, "j": 0}]}, {"type": 15, "center": {"i": 7, "j": 6}, "offsets": [{"i": 0, "j": 0}, {"i": -1, "j": 0}, {"i": 0, "j": -1}, {"i": 1, "j": 0}, {"i": 2, "j": 0}]}, {"type": 9, "center": {"i": 8, "j": 6}, "offsets": [{"i": 0, "j": 0}, {"i": -1, "j": 0}, {"i": 0, "j": -1}, {"i": 1, "j": 0}]}, {"type": 21, "center": {"i": 8, "j": 6}, "offsets": [{"i": 0, "j": 0}, {"i": -1, "j": 0}, {"i": 1, "j": 0}, {"i": 0, "j": 1}, {"i": 1, "j": -1}]}], "block": {"type": 18, "center": {"i": 8, "j": 6}, "offsets": [{"i": 0, "j": 0}, {"i": -1, "j": 0}, {"i": 1, "j": 0}, {"i": 0, "j": 1}, {"i": 0, "j": -1}]}}'
